coords: (x0, y0, x1, y1, text, block_no, line_no, word_no)
column header detected coords:
{
    'date': (64, 147),
    'description': (147, 408), 
    'debit': (408, 472), 
    'credit': (472, 544), 
    'balance': (544, 664)
}
----------------------------------------------------------------------------------------------------
Bank Name: BOB
----------------------------------------------------------------------------------------------------

(24.969999313354492, 406.5500183105469, 44.038002014160156, 416.1889953613281, 'Serial', 17, 0, 0), 
(29.829999923706055, 415.0500183105469, 39.1609992980957, 424.6889953613281, 'No', 17, 1, 0), 
(51.65999984741211, 406.5500183105469, 91.33599853515625, 416.1889953613281, 'Transaction', 17, 2, 0), 
(63.91999816894531, 415.0500183105469, 79.08899688720703, 424.6889953613281, 'Date', 17, 3, 0), 
(109.66000366210938, 406.5500183105469, 128.33599853515625, 416.1889953613281, 'Value', 17, 4, 0), 
(111.42000579833984, 415.0500183105469, 126.58900451660156, 424.6889953613281, 'Date', 17, 5, 0), 
(147.0, 406.5500183105469, 185.50697326660156, 416.1889953613281, 'Description', 17, 6, 0), 
(322.16998291015625, 406.5500183105469, 347.8389892578125, 416.1889953613281, 'Cheque', 17, 7, 0), 
(321.77996826171875, 415.0500183105469, 348.2259521484375, 424.6889953613281, 'Number', 17, 8, 0), 
(408.4999694824219, 406.5500183105469, 425.9999694824219, 416.1889953613281, 'Debit', 17, 9, 0), 
(471.77996826171875, 406.5500183105469, 492.0029602050781, 416.1889953613281, 'Credit', 17, 10, 0), 
(544.1499633789062, 406.5500183105469, 570.9950561523438, 416.1889953613281, 'Balance', 17, 11, 0)

------------------------------------------------------------------------------------------------------
(537.3839721679688, 434.6199951171875, 572.4121704101562, 444.17498779296875, '345,291.98', 18, 0, 0), 
(32.54999923706055, 434.2550048828125, 36.44200134277344, 443.87298583984375, '1', 18, 1, 0), 
(51.099998474121094, 434.2550048828125, 86.89799499511719, 443.87298583984375, '10-05-2026', 18, 2, 0), 
(148.0, 434.2550048828125, 174.45999145507812, 443.87298583984375, 'Opening', 18, 3, 0), 
(176.40599060058594, 434.2550048828125, 201.69699096679688, 443.87298583984375, 'Balance', 18, 3, 1), 
(423.6700134277344, 434.2550048828125, 426.0010070800781, 443.87298583984375, '-', 18, 4, 0), 
(489.6700134277344, 434.2550048828125, 492.0010070800781, 443.87298583984375, '-', 18, 5, 0), 

(537.4539794921875, 456.5, 572.482177734375, 466.05499267578125, '345,081.98', 19, 0, 0)
(32.54999923706055, 456.2550048828125, 36.44200134277344, 465.87298583984375, '2', 19, 1, 0), 
(51.099998474121094, 456.2550048828125, 86.89799499511719, 465.87298583984375, '10-05-2026', 19, 2, 0), 
(100.5999984741211, 456.2550048828125, 136.3979949951172, 465.87298583984375, '10-05-2026', 19, 3, 0), 
(148.0, 452.0050048828125, 317.3650207519531, 461.62298583984375, 'UPI/205804531332/09:19:56/UPI/paytmqr628fct@ptys', 19, 4, 0), 
(148.0, 460.5150146484375, 149.9459991455078, 470.13299560546875, '/', 19, 5, 0), 
(404.5899963378906, 456.2550048828125, 425.9960021972656, 465.87298583984375, '210.00', 19, 6, 0), 
(489.6700134277344, 456.2550048828125, 492.0010070800781, 465.87298583984375, '-', 19, 7, 0), 
 
(536.8189697265625, 478.5, 571.84716796875, 488.05499267578125, '345,041.98', 20, 0, 0)
(32.54999923706055, 478.2550048828125, 36.44200134277344, 487.87298583984375, '3', 20, 1, 0), 
(51.099998474121094, 478.2550048828125, 86.89799499511719, 487.87298583984375, '10-05-2026', 20, 2, 0), 
(100.5999984741211, 478.2550048828125, 136.3979949951172, 487.87298583984375, '10-05-2026', 20, 3, 0), 
(148.0, 474.0050048828125, 270.57696533203125, 483.62298583984375, 'UPI/205807743247/10:08:07/UPI/gpay-', 20, 4, 0), 
(148.0, 482.5150146484375, 205.30897521972656, 492.13299560546875, '11256843475@ok', 20, 5, 0), 
(408.489990234375, 478.2550048828125, 426.0039978027344, 487.87298583984375, '40.00', 20, 6, 0), 
(489.6700134277344, 478.2550048828125, 492.0010070800781, 487.87298583984375, '-', 20, 7, 0), 

(538.385009765625, 500.5, 573.4132080078125, 510.05499267578125, '345,011.98', 21, 0, 0),
(32.54999923706055, 500.2550048828125, 36.44200134277344, 509.87298583984375, '4', 21, 1, 0), 
(51.099998474121094, 500.2550048828125, 86.89799499511719, 509.87298583984375, '10-05-2026', 21, 2, 0), 
(100.5999984741211, 500.2550048828125, 136.3979949951172, 509.87298583984375, '10-05-2026', 21, 3, 0), 
(148.0, 496.0050048828125, 317.7499694824219, 505.62298583984375, 'UPI/613068146084/10:12:20/UPI/paytmqr67rw16@pty', 21, 4, 0), 
(148.0, 504.5150451660156, 153.4459991455078, 514.133056640625, 's/', 21, 5, 0), 
(408.489990234375, 500.2550048828125, 426.0039978027344, 509.87298583984375, '30.00', 21, 6, 0), 
(489.6700134277344, 500.2550048828125, 492.0010070800781, 509.87298583984375, '-', 21, 7, 0), 

(537.530029296875, 522.5349731445312, 572.5582275390625, 532.0900268554688, '344,951.98', 22, 0, 0)
(32.54999923706055, 522.2550048828125, 36.44200134277344, 531.873046875, '5', 22, 1, 0), 
(51.099998474121094, 522.2550048828125, 86.89799499511719, 531.873046875, '11-05-2026', 22, 2, 0), 
(100.5999984741211, 522.2550048828125, 136.3979949951172, 531.873046875, '11-05-2026', 22, 3, 0), 
(148.0, 518.0050048828125, 318.5340270996094, 527.623046875, 'UPI/613100100482/17:32:42/UPI/paytm.s24h9vz@pty/', 22, 4, 0), 
(148.0, 526.5150146484375, 152.66900634765625, 536.133056640625, 'S', 22, 5, 0), 
(408.489990234375, 522.2550048828125, 426.0039978027344, 531.873046875, '60.00', 22, 6, 0), 
(489.6700134277344, 522.2550048828125, 492.0010070800781, 531.873046875, '-', 22, 7, 0)

(537.530029296875, 544.4309692382812, 572.5582275390625, 553.9860229492188, '344,846.98', 23, 0, 0)
(32.54999923706055, 544.2550048828125, 36.44200134277344, 553.873046875, '6', 23, 1, 0),
(51.099998474121094, 544.2550048828125, 86.89799499511719, 553.873046875, '11-05-2026', 23, 2, 0),
(100.5999984741211, 544.2550048828125, 136.3979949951172, 553.873046875, '11-05-2026', 23, 3, 0),
(148.0, 540.0050048828125, 318.5479736328125, 549.623046875, 'UPI/302370123666/17:38:16/UPI/q995131142@ybl/Se', 23, 4, 0),
(148.0, 548.5150146484375, 153.83799743652344, 558.133056640625, 'nt', 23, 5, 0),
(404.5899963378906, 544.2550048828125, 425.9960021972656, 553.873046875, '105.00', 23, 6, 0),
(489.6700134277344, 544.2550048828125, 492.0010070800781, 553.873046875, '-', 23, 7, 0),

(537.530029296875, 566.325927734375, 572.5582275390625, 575.8809814453125, '344,786.98', 24, 0, 0)
(32.54999923706055, 566.2550048828125, 36.44200134277344, 575.873046875, '7', 24, 1, 0), 
(51.099998474121094, 566.2550048828125, 86.89799499511719, 575.873046875, '11-05-2026', 24, 2, 0), 
(100.5999984741211, 566.2550048828125, 136.3979949951172, 575.873046875, '11-05-2026', 24, 3, 0), 
(148.0, 562.0050048828125, 318.5479736328125, 571.623046875, 'UPI/613150286752/19:38:37/UPI/q473604018@ybl/Se', 24, 4, 0), 
(148.0, 570.5150146484375, 153.83799743652344, 580.133056640625, 'nt', 24, 5, 0), 
(408.489990234375, 566.2550048828125, 426.0039978027344, 575.873046875, '60.00', 24, 6, 0), 
(489.6700134277344, 566.2550048828125, 492.0010070800781, 575.873046875, '-', 24, 7, 0), 

(537.530029296875, 588.7689819335938, 572.5582275390625, 598.3240356445312, '344,656.98', 25, 0, 0)
(32.54999923706055, 588.2550048828125, 36.44200134277344, 597.873046875, '8', 25, 1, 0), 
(51.099998474121094, 588.2550048828125, 86.89799499511719, 597.873046875, '11-05-2026', 25, 2, 0), 
(100.5999984741211, 588.2550048828125, 136.3979949951172, 597.873046875, '11-05-2026', 25, 3, 0), 
(148.0, 584.0050048828125, 318.5479736328125, 593.623046875, 'UPI/302381170432/19:43:26/UPI/q064529813@ybl/Se', 25, 4, 0), 
(148.0, 592.5149536132812, 153.83799743652344, 602.1329956054688, 'nt', 25, 5, 0), 
(404.5899963378906, 588.2550048828125, 425.9960021972656, 597.873046875, '130.00', 25, 6, 0), 
(489.6700134277344, 588.2550048828125, 492.0010070800781, 597.873046875, '-', 25, 7, 0), 

(537.530029296875, 610.6639404296875, 572.5582275390625, 620.218994140625, '344,576.98', 26, 0, 0),
(32.54999923706055, 610.2550048828125, 36.44200134277344, 619.873046875, '9', 26, 1, 0), 
(51.099998474121094, 610.2550048828125, 86.89799499511719, 619.873046875, '11-05-2026', 26, 2, 0), 
(100.5999984741211, 610.2550048828125, 136.3979949951172, 619.873046875, '11-05-2026', 26, 3, 0), 
(148.0, 606.0050048828125, 317.75, 615.623046875, 'UPI/604374027874/19:55:11/UPI/paytm.s1swl53@pty/', 26, 4, 0), 
(148.0, 614.5149536132812, 152.66900634765625, 624.1329956054688, 'S', 26, 5, 0), 
(408.489990234375, 610.2550048828125, 426.0039978027344, 619.873046875, '80.00', 26, 6, 0), 
(489.6700134277344, 610.2550048828125, 492.0010070800781, 619.873046875, '-', 26, 7, 0), 

(537.530029296875, 632.5589599609375, 572.5582275390625, 642.114013671875, '344,526.98', 27, 0, 0),
(30.610000610351562, 632.2550048828125, 38.394004821777344, 641.873046875, '10', 27, 1, 0), 
(51.099998474121094, 632.2550048828125, 86.89799499511719, 641.873046875, '11-05-2026', 27, 2, 0), 
(100.5999984741211, 632.2550048828125, 136.3979949951172, 641.873046875, '11-05-2026', 27, 3, 0), 
(148.0, 628.0050048828125, 318.5479736328125, 637.623046875, 'UPI/613130308058/19:57:58/UPI/q995131142@ybl/Se', 27, 4, 0), 
(148.0, 636.5149536132812, 153.83799743652344, 646.1329956054688, 'nt', 27, 5, 0), 
(408.489990234375, 632.2550048828125, 426.0039978027344, 641.873046875, '50.00', 27, 6, 0), 
(489.6700134277344, 632.2550048828125, 492.0010070800781, 641.873046875, '-', 27, 7, 0), 

(537.530029296875, 654.4549560546875, 572.5582275390625, 664.010009765625, '344,506.98', 28, 0, 0),
(30.610000610351562, 654.2550048828125, 38.394004821777344, 663.873046875, '11', 28, 1, 0), 
(51.099998474121094, 654.2550048828125, 86.89799499511719, 663.873046875, '11-05-2026', 28, 2, 0), 
(100.5999984741211, 654.2550048828125, 136.3979949951172, 663.873046875, '11-05-2026', 28, 3, 0), 
(148.0, 650.0050048828125, 318.5479736328125, 659.623046875, 'UPI/604384867750/22:03:54/UPI/q269228348@ybl/Se', 28, 4, 0), 
(148.0, 658.5149536132812, 153.83799743652344, 668.1329956054688, 'nt', 28, 5, 0), 
(408.489990234375, 654.2550048828125, 426.0039978027344, 663.873046875, '20.00', 28, 6, 0), 
(489.6700134277344, 654.2550048828125, 492.0010070800781, 663.873046875, '-', 28, 7, 0), 

(537.530029296875, 676.3499755859375, 572.5582275390625, 685.905029296875, '345,506.98', 29, 0, 0),
(30.610000610351562, 676.2550048828125, 38.394004821777344, 685.873046875, '12', 29, 1, 0), 
(51.099998474121094, 676.2550048828125, 86.89799499511719, 685.873046875, '12-05-2026', 29, 2, 0), 
(100.5999984741211, 676.2550048828125, 136.3979949951172, 685.873046875, '12-05-2026', 29, 3, 0), 
(148.0, 672.0050048828125, 244.5019989013672, 681.623046875, 'IMPS/P2A/613225533335/ETA', 29, 4, 0), 
(246.447998046875, 672.0050048828125, 274.45501708984375, 681.623046875, 'WALLET', 29, 4, 1), 
(276.4010314941406, 672.0050048828125, 286.1240539550781, 681.623046875, 'TO', 29, 4, 2), 
(288.070068359375, 672.0050048828125, 297.0160827636719, 681.623046875, 'A/-', 29, 4, 3), 
(148.0, 680.5149536132812, 186.91998291015625, 690.1329956054688, '8226031592', 29, 5, 0), 
(423.6700134277344, 676.2550048828125, 426.0010070800781, 685.873046875, '-', 29, 6, 0), 
(464.760009765625, 676.2550048828125, 492.0040283203125, 685.873046875, '1,000.00', 29, 7, 0),

------------------------------------------------------------------------------------------------
(25.139999389648438, 760.7449951171875, 38.36300277709961, 770.363037109375, 'This', 30, 0, 0), 
(40.30900192260742, 760.7449951171875, 45.36300277709961, 770.363037109375, 'is', 30, 0, 1), 
(47.30900192260742, 760.7449951171875, 51.20100402832031, 770.363037109375, 'a', 30, 0, 2), 
(53.147003173828125, 760.7449951171875, 116.17498779296875, 770.363037109375, 'computer-generated', 30, 0, 3), 
(118.12098693847656, 760.7449951171875, 148.85797119140625, 770.363037109375, 'statement', 30, 0, 4), 
(150.80397033691406, 760.7449951171875, 169.87196350097656, 770.363037109375, 'hence', 30, 0, 5), 
(171.81796264648438, 760.7449951171875, 186.99395751953125, 770.363037109375, 'does', 30, 0, 6), 
(188.93995666503906, 760.7449951171875, 198.66995239257812, 770.363037109375, 'not', 30, 0, 7), 
(200.61595153808594, 760.7449951171875, 222.39993286132812, 770.363037109375, 'require', 30, 0, 8), 
(224.34593200683594, 760.7449951171875, 255.08291625976562, 770.363037109375, 'signature.', 30, 0, 9), 
(257.0289306640625, 760.7449951171875, 288.9349670410156, 770.363037109375, 'Statement', 30, 0, 10), 
(290.8809814453125, 760.7449951171875, 295.9349670410156, 770.363037109375, 'is', 30, 0, 11), 
(297.8809814453125, 760.7449951171875, 329.4019775390625, 770.363037109375, 'generated', 30, 0, 12), 
(331.3479919433594, 760.7449951171875, 339.1319885253906, 770.363037109375, 'on', 30, 0, 13), 
(341.0780029296875, 760.7449951171875, 376.10601806640625, 770.363037109375, '22/05/2026', 30, 0, 14),
(378.0520324707031, 750.7449951171875, 405.2960510253906, 760.363037109375, '03:20:00', 24, 0, 15), 
(407.2420654296875, 750.7449951171875, 417.7420654296875, 760.363037109375, 'PM', 24, 0, 16), 
(419.6880798339844, 750.7449951171875, 445.7560729980469, 760.363037109375, '(through', 24, 0, 17), 
(447.70208740234375, 750.7449951171875, 459.3780822753906, 760.363037109375, 'bob', 24, 0, 18), 
(461.3240966796875, 750.7449951171875, 479.60107421875, 760.363037109375, 'World', 24, 0, 19), 
(481.5470886230469, 750.7449951171875, 502.16204833984375, 760.363037109375, 'mobile', 24, 0, 20), 
(504.1080627441406, 750.7449951171875, 518.1150512695312, 760.363037109375, 'app)', 24, 0, 21), 
(520.06103515625, 750.7449951171875, 534.06103515625, 760.363037109375, 'from', 24, 0, 22), 
(536.0070190429688, 750.7449951171875, 545.737060546875, 760.363037109375, 'the', 24, 0, 23), 
(547.6830444335938, 750.7449951171875, 569.85205078125, 760.363037109375, 'system', 24, 0, 24), 
(161.52000427246094, 759.5449829101562, 195.75698852539062, 769.1630249023438, 'maintained', 24, 1, 0), 
(197.70298767089844, 759.5449829101562, 203.14898681640625, 769.1630249023438, 'in', 24, 1, 1), 
(205.09498596191406, 759.5449829101562, 214.82498168945312, 769.1630249023438, 'the', 24, 1, 2), 
(216.77098083496094, 759.5449829101562, 231.9469757080078, 769.1630249023438, 'bank', 24, 1, 3), 
(233.89297485351562, 759.5449829101562, 265.7989501953125, 769.1630249023438, 'containing', 24, 1, 4), 
(267.7449645996094, 759.5449829101562, 305.4819641113281, 769.1630249023438, 'transactions', 24, 1, 5), 
(307.427978515625, 759.5449829101562, 328.8199462890625, 769.1630249023438, 'carried', 24, 1, 6), 
(330.7659606933594, 759.5449829101562, 340.4959716796875, 769.1630249023438, 'out', 24, 1, 7), 
(342.4419860839844, 759.5449829101562, 347.8879699707031, 769.1630249023438, 'in', 24, 1, 8), 
(349.833984375, 759.5449829101562, 371.2259521484375, 769.1630249023438, 'normal', 24, 1, 9), 
(373.1719665527344, 759.5449829101562, 394.178955078125, 769.1630249023438, 'course', 24, 1, 10), 
(396.1249694824219, 759.5449829101562, 401.9629821777344, 769.1630249023438, 'of', 24, 1, 11), 
(403.90899658203125, 759.5449829101562, 433.47698974609375, 769.1630249023438, 'business.', 24, 1, 12)
(268.42999267578125, 774.47998046875, 287.54998779296875, 785.4959716796875, 'Page', 25, 0, 0), 
(289.77398681640625, 774.47998046875, 294.22198486328125, 785.4959716796875, '3', 25, 0, 1), 
(296.44598388671875, 774.47998046875, 303.99798583984375, 785.4959716796875, 'of', 25, 0, 2), 
(307.2239990234375, 774.47998046875, 311.6719970703125, 785.4959716796875, '4', 25, 0, 3), 
(30.0, 710.739990234375, 50.440006256103516, 721.7559814453125, 'Note:', 26, 0, 0), 
(53.0, 710.7000122070312, 59.672000885009766, 721.6920166015625, 'In', 26, 0, 1), 
(61.895999908447266, 710.7000122070312, 78.7919921875, 721.6920166015625, 'case', 26, 0, 2), 
(81.0159912109375, 710.7000122070312, 93.9119873046875, 721.6920166015625, 'you', 26, 0, 3), 
(96.135986328125, 710.7000122070312, 109.031982421875, 721.6920166015625, 'find', 26, 0, 4), 
(111.2559814453125, 710.7000122070312, 124.1519775390625, 721.6920166015625, 'any', 26, 0, 5), 
(126.3759765625, 710.7000122070312, 171.27996826171875, 721.6920166015625, 'discrepancy,', 26, 0, 6), 
(173.50396728515625, 710.7000122070312, 183.72796630859375, 721.6920166015625, 'we', 26, 0, 7), 
(185.95196533203125, 710.7000122070312, 209.07196044921875, 721.6920166015625, 'advise', 26, 0, 8), 
(211.29595947265625, 710.7000122070312, 224.19195556640625, 721.6920166015625, 'you', 26, 0, 9), 
(226.41595458984375, 710.7000122070312, 233.08795166015625, 721.6920166015625, 'to', 26, 0, 10), 
(235.31195068359375, 710.7000122070312, 250.43194580078125, 721.6920166015625, 'take', 26, 0, 11), 
(252.65594482421875, 710.7000122070312, 261.55194091796875, 721.6920166015625, 'up', 26, 0, 12), 
(263.77593994140625, 710.7000122070312, 277.99993896484375, 721.6920166015625, 'with', 26, 0, 13), 
(280.22393798828125, 710.7000122070312, 295.783935546875, 721.6920166015625, 'your', 26, 0, 14), 
(298.0079345703125, 710.7000122070312, 315.3519287109375, 721.6920166015625, 'base', 26, 0, 15), 
(317.575927734375, 710.7000122070312, 342.03192138671875, 721.6920166015625, 'branch', 26, 0, 16), 
(344.25592041015625, 710.7000122070312, 351.367919921875, 721.6920166015625, 'or', 26, 0, 17), 
(353.5919189453125, 710.7000122070312, 370.92791748046875, 721.6920166015625, 'raise', 26, 0, 18), 
(373.15191650390625, 710.7000122070312, 377.59991455078125, 721.6920166015625, 'a', 26, 0, 19), 
(379.82391357421875, 710.7000122070312, 414.055908203125, 721.6920166015625, 'complaint', 26, 0, 20), 
(416.2799072265625, 710.7000122070312, 435.39990234375, 721.6920166015625, 'using', 26, 0, 21), 
(437.6239013671875, 710.7000122070312, 450.9678955078125, 721.6920166015625, 'bob', 26, 0, 22), 
(453.19189453125, 710.7000122070312, 476.30389404296875, 721.6920166015625, 'World.', 26, 0, 23)]







