coords: (x0, y0, x1, y1, text, block_no, line_no, word_no)
column header detected coords: 
{
    'date': (61, 203), 
    'description': (203, 339), 
    'debit': (339, 400), 
    'credit': (400, 473), 
    'balance': (473, 593)
}

---NEW---
{
    'date': (75, 124), 
    'description': (124, 355), 
    'debit': (355, 429), 
    'credit': (429, 498), 
    'balance': (498, 618)
}
----------------------------------------------------------------------------------------------------
Bank Name: Kotak
----------------------------------------------------------------------------------------------------
(44.0, 362.28399658203125, 48.472999572753906, 375.1000061035156, '#', 16, 0, 0), 
(75.18000030517578, 362.28399658203125, 92.75699615478516, 375.1000061035156, 'Date', 16, 1, 0), 
(124.19000244140625, 362.28399658203125, 167.45303344726562, 375.1000061035156, 'Description', 16, 2, 0), 
(279.6600036621094, 362.28399658203125, 312.2939758300781, 375.1000061035156, 'Chq/Ref.', 16, 3, 0), 
(314.0939636230469, 362.28399658203125, 327.03594970703125, 375.1000061035156, 'No.', 16, 3, 1), 
(354.8500061035156, 362.28399658203125, 398.0320129394531, 375.1000061035156, 'Withdrawal', 16, 4, 0), 
(399.8320007324219, 362.28399658203125, 416.1849670410156, 375.1000061035156, '(Dr.)', 16, 4, 1), 
(428.8999938964844, 362.28399658203125, 457.7989501953125, 375.1000061035156, 'Deposit', 16, 5, 0), 
(459.59893798828125, 362.28399658203125, 475.555908203125, 375.1000061035156, '(Cr.)', 16, 5, 1), 
(497.95001220703125, 362.28399658203125, 528.0999755859375, 375.1000061035156, 'Balance', 16, 6, 0),

------------------------------------------------------------------------------------------------------
(39.0, 382.315673828125, 41.38848114013672, 393.2519836425781, '-', 17, 0, 0), 
(70.18000030517578, 382.315673828125, 72.5684814453125, 393.2519836425781, '-', 17, 1, 0), 
(119.19000244140625, 382.315673828125, 146.52313232421875, 393.2519836425781, 'Opening', 17, 2, 0), 
(148.0591278076172, 382.315673828125, 173.78712463378906, 393.2519836425781, 'Balance', 17, 2, 1), 
(274.6600036621094, 382.315673828125, 277.0484924316406, 393.2519836425781, '-', 17, 3, 0), 
(415.510009765625, 382.315673828125, 417.89849853515625, 393.2519836425781, '-', 17, 4, 0), 
(484.55999755859375, 382.315673828125, 486.948486328125, 393.2519836425781, '-', 17, 5, 0), 
(525.4600219726562, 382.315673828125, 556.0032958984375, 393.2519836425781, '52,891.46', 17, 6, 0),

(39.0, 395.99566650390625, 42.816959381103516, 406.9319763183594, '1', 18, 0, 0), 
(72.63999938964844, 395.99566650390625, 80.27392578125, 406.9319763183594, '01', 18, 1, 0), 
(81.80992889404297, 395.99566650390625, 93.92897033691406, 406.9319763183594, 'Mar', 18, 1, 1), 
(95.46497344970703, 395.99566650390625, 110.73282623291016, 406.9319763183594, '2026', 18, 1, 2), 
(119.19000244140625, 395.99566650390625, 146.46168518066406, 406.9319763183594, 'MB:PAID', 18, 2, 0), 
(147.9976806640625, 395.99566650390625, 165.64633178710938, 406.9319763183594, 'CARD', 18, 2, 1), 
(167.1823272705078, 395.99566650390625, 195.62136840820312, 406.9319763183594, 'NUMBER', 18, 2, 2), 
(197.15736389160156, 395.99566650390625, 220.3048553466797, 406.9319763183594, 'XX0456', 18, 2, 3), 
(274.6600036621094, 395.99566650390625, 333.17388916015625, 406.9319763183594, 'VPI-998370540309', 18, 3, 0), 
(391.1700134277344, 395.99566650390625, 417.8963928222656, 406.9319763183594, '1,817.43', 18, 4, 0), 
(525.4600219726562, 395.99566650390625, 556.0032958984375, 406.9319763183594, '51,074.03', 18, 5, 0),
